%YAML:1.0
points_3d: !!opencv-matrix
   rows: 221
   cols: 1
   dt: "3d"
   data: [ -4.9125398340900523e+002, -2.5791061517959810e+002,
       6.5958316419757739e+002, 3.6829957315813814e+001,
       5.3875367991279589e+001, 3.7571678014411896e+002,
       -5.6939934604148561e+001, 7.0221474979065391e+001,
       3.9112509414720517e+002, 2.6273147790718976e+001,
       1.0382364658669752e+002, 4.0894789901440623e+002,
       -8.5267748813037485e+002, -3.5847893545554479e+002,
       9.7150200077595036e+002, -1.0175977760348133e+002,
       9.3079279384517221e+001, 1.1265312450458241e+002,
       3.4346186719392846e-001, 6.7720314258364340e+001,
       4.2709700325215061e+002, 3.1107150618060075e+001,
       9.2757844898772049e+001, 3.3179350261494278e+002,
       -4.8005791590995109e+001, 8.0413148192630061e+001,
       5.2797144899146542e+002, -6.8332751952652899e+001,
       7.5249833696081410e+001, 4.7401595611440177e+002,
       7.5943705158402722e+001, 9.1920948902347774e+001,
       4.3472931147270930e+002, 3.8415128814286788e+001,
       8.4107372968470685e+001, 3.1718196833052320e+002,
       3.3377601127118012e+001, 9.0833428016919171e+001,
       3.3632105229931403e+002, 7.6964763292404200e+001,
       2.0046848440532152e+001, 3.9903337290722158e+002,
       -3.0942963858452210e+001, 3.3780130455517536e+001,
       2.1594402854005514e+002, 3.5469488791145274e+001,
       5.5141325012829306e+001, 3.7418298954143989e+002,
       3.1640541171799896e+001, 9.2284652371072497e+001,
       3.3307905385745863e+002, 1.0860860428287351e+000,
       7.6286364238063939e+001, 4.1434771508491610e+002,
       -1.0974559853466399e+001, 7.2901749648207584e+001,
       3.3773083466794316e+002, 3.0986641564305209e+001,
       9.2301589720319669e+001, 3.3685740262761817e+002,
       3.8345293915216871e+001, 8.3128852370740418e+001,
       3.1482591848325319e+002, 3.7398207017325767e+001,
       8.3214849029120614e+001, 3.1340046931648055e+002,
       -4.8189988304066802e+001, 6.0331987110702066e+001,
       4.3353212994250163e+002, 7.6406661510220729e+001,
       1.4720383904837057e+001, 4.2483995335130282e+002,
       -9.8768166702281050e+001, 9.2374501843435525e+001,
       1.1317969991804874e+002, 2.3725057563689418e+001,
       1.0179740590359881e+002, 4.1304748566438536e+002,
       -5.8111923448210611e+001, 7.1987023702416025e+001,
       4.5557528490703470e+002, 3.8163828730985536e+001,
       8.3888702660406352e+001, 3.1629386690355517e+002,
       -5.6838804093992117e+001, 7.0206113201904500e+001,
       3.9104102829665680e+002, 3.3251864016646415e+001,
       9.0969698824506779e+001, 3.3607653591957893e+002,
       -8.2565930604189293e+002, -3.2087475914077385e+002,
       9.6139799896265413e+002, -7.7014883222102641e+000,
       5.8212260985748635e+001, 3.5254176858159775e+002,
       -2.4802264663266467e+001, 7.2978698822475920e+001,
       4.4091699045732275e+002, -4.4233601088196465e+001,
       3.8034271463359815e+001, 1.9465855422267617e+002,
       -7.0621670788865529e+001, 9.4717390488992876e+001,
       5.1336941770151861e+002, 2.8300586940305248e+001,
       7.4245107648572059e+001, 4.1169219832830964e+002,
       -3.6450768636803602e+001, 6.7788970505023130e+001,
       4.8453591383668277e+002, 3.5651101756316237e+001,
       8.4197494891586288e+001, 3.1253144263263073e+002,
       1.3039007373960376e+002, 2.0576194601774122e+002,
       3.5741198591761844e+002, -3.3235372590609529e+001,
       3.4542549913415506e+001, 2.1147053826502412e+002,
       -5.8080734469434262e+001, 6.2797428587366049e+001,
       3.9158670754499417e+002, -9.8102487094269932e+000,
       5.9157928052413133e+001, 3.4405092040270586e+002,
       7.5187012836359912e+001, 2.0485888571815831e+001,
       4.0290533393550317e+002, 7.7529283751249125e+001,
       9.1147567736951075e+001, 4.3469442554076880e+002,
       7.7272960613920631e+001, 1.9901783015971809e+001,
       3.9815206184498805e+002, 3.8001181204269670e+001,
       8.2095332596738658e+001, 3.1223248767199050e+002,
       -9.0432038830527532e+001, 9.2855133284382092e+001,
       1.1442993197624676e+002, 3.1355411308220283e+001,
       9.2188800956638033e+001, 3.3607337793135054e+002,
       -1.5453679645852925e-001, 7.7241863347907852e+001,
       4.1345019568004500e+002, 2.6647082148666087e+001,
       7.5461969647967734e+001, 4.1468679531654811e+002,
       -9.7917008379287495e+001, 7.9348756719702209e+001,
       5.3546361004559049e+002, -6.3355630693775808e+001,
       5.6925732742832558e+001, 3.9278869236544733e+002,
       -5.7319809826239556e+001, 7.2814733591901600e+001,
       4.5760035577607277e+002, -6.7065538697304802e+001,
       6.1077429909802717e+001, 1.5376733039535941e+002,
       -4.0399538370501141e+001, 8.3778684396000685e+001,
       5.1420162409446925e+002, -5.7709517841348308e+001,
       7.2508123768268007e+001, 4.5650925555876512e+002,
       -5.8869146346707289e+001, 1.1028048812210510e+002,
       1.2016714723234860e+002, -7.8616108528841098e+000,
       6.9931828373190186e+001, 3.4933388591403184e+002,
       2.2626493437014941e+000, 7.5206166840860107e+001,
       4.1201742796947400e+002, 3.7796218869797848e+001,
       8.4354051806476903e+001, 3.1666145930143398e+002,
       2.9433866835112621e-001, 6.7557628143326028e+001,
       4.2892237965245647e+002, 4.8511413252465218e+001,
       9.9135560295677905e+001, 3.8516519964624217e+002,
       3.5111588271316521e+001, 8.6607479471947613e+001,
       3.1660580944485241e+002, 2.6905987405371947e+000,
       5.2038461185732579e+001, 3.9284869110061487e+002,
       -9.7997893876005364e+001, 9.5027146991240713e+001,
       1.1112628054356905e+002, 2.7805851115826517e+001,
       7.4726618680850152e+001, 4.1367652424159127e+002,
       -6.0346466550900978e+001, 5.8359006272499826e+001,
       3.9211621251470507e+002, 6.8969763501228770e-002,
       6.7864861317866328e+001, 4.2856349496928289e+002,
       -3.7204764287778723e+001, 6.5150540265652609e+001,
       4.8301994556577711e+002, 1.9490873306792935e+001,
       4.0125389903291421e+001, 4.2426532385181071e+002,
       -9.4338990297604219e+000, 6.1926024833395815e+001,
       3.4330051239407646e+002, -4.4918062799954271e+001,
       3.5872976401691851e+001, 1.9679155905212127e+002,
       -3.3765685028644277e+000, 6.7872442551853567e+001,
       3.5176714041590282e+002, -9.2863501326608102e+001,
       8.7516340114451552e+001, 5.4455373754785387e+002,
       3.6669800698550326e+001, 5.2908398497833865e+001,
       3.7511253011209277e+002, -8.1035239311704323e+000,
       8.2444973697738817e+001, 4.1057426529668192e+002,
       -8.8480073614452044e+002, -3.5264479624952344e+002,
       9.8665331855383170e+002, 7.8660881171125212e+001,
       1.9452210239956422e+001, 3.9588520388125039e+002,
       3.5105032151446757e+001, 5.4677449501096305e+001,
       3.7267482125812688e+002, -8.9587331663084194e+002,
       -3.8348733517968452e+002, 9.8604064965489022e+002,
       -5.7153049974825180e+001, 6.7237147399178554e+001,
       3.9114988896724748e+002, 1.7597228507033631e+001,
       8.5739465352694566e+001, 4.4277651958099881e+002,
       -1.6276541124912171e+001, 7.7545528249284374e+001,
       1.7840601887216570e+002, -6.4039971320604607e+001,
       6.4710300341928075e+001, 3.9109285112100713e+002,
       2.3953272399978482e+000, 5.2350328442442397e+001,
       3.9249970311550675e+002, -8.1852956833901078e+002,
       -3.4031540918553628e+002, 9.5382514241236208e+002,
       4.6070671656823698e+001, 9.9215634248903854e+001,
       3.9002564731352544e+002, -6.1518126412115727e+001,
       5.7981655756839707e+001, 3.9223511064971359e+002,
       -5.2790137692934046e+001, 6.4421799129350831e+001,
       4.3537811057388370e+002, 2.4123739711516858e+001,
       7.7288623183985209e+001, 4.1514858279194999e+002,
       -1.6480809250737476e+000, 6.8052554473519265e+001,
       4.2821731676681719e+002, -5.1379093830689591e+001,
       3.8743599027359942e+001, 1.8895594489425483e+002,
