%YAML:1.0
points_3d: !!opencv-matrix
   rows: 283
   cols: 1
   dt: "3d"
   data: [ -1.7080746590093951e+000, 8.5665149528662667e+001,
       4.3818999239597491e+002, 4.9990850846546188e+001,
       9.0548356275904467e+001, 3.5845660054690410e+002,
       5.8900239312438307e+000, 7.1319106410595325e+001,
       4.3467908268515833e+002, -7.1278079442809155e+000,
       7.4415619732544215e+001, 4.3518350905052955e+002,
       4.0556123081782900e+000, 7.4555430442567541e+001,
       4.5410150876863207e+002, 8.8490812269610721e+000,
       6.6013226388116180e+001, 4.2048018020912571e+002,
       7.1851418533404932e+000, 6.2127280822461707e+001,
       4.5458739390087419e+002, 1.7101075246712558e+001,
       7.5609622191846569e+001, 4.2506918116807117e+002,
       4.7559098699725384e+000, 7.8415929985081377e+001,
       4.3908865973546341e+002, 1.9069611275126931e+001,
       7.7821208301324987e+001, 4.2047975177676074e+002,
       7.0036865020683781e+000, 8.2623349956027823e+001,
       4.3337607849319687e+002, 4.2950275522319252e+000,
       8.0160965007519437e+001, 4.3927618956313228e+002,
       9.6208917088519073e+001, 1.2948702258473608e+002,
       2.7787285906202692e+002, 1.3799324279323747e+001,
       7.5139765549389296e+001, 4.1296386074695636e+002,
       -5.2005736601648662e+000, 7.5142923114509870e+001,
       4.3576083084384987e+002, 3.0183553329763637e+001,
       8.5078361545236618e+001, 3.8624427151469467e+002,
       1.6109446087465076e+002, 1.9578828533160021e+002,
       1.6414125874435317e+002, -8.7701684629348176e+000,
       7.9233511203408597e+001, 4.4151312172152501e+002,
       -9.2041533212520932e+000, 8.0770520931331859e+001,
       4.4545504186488824e+002, 3.6085807164231504e+001,
       1.0476108526057607e+002, 3.0685118562672511e+002,
       1.3497103486603658e+001, 7.1422775283321528e+001,
       4.2277057842040665e+002, 4.2134490959112213e+001,
       8.5963871069560170e+001, 3.8975157506438188e+002,
       3.5503014561445108e+000, 7.7035550362726340e+001,
       4.3481843641857887e+002, -7.8488991617770620e-001,
       8.5098391767530330e+001, 4.3849267354317766e+002,
       -2.6259652375279567e+000, 8.5117704652932829e+001,
       4.3730326132509663e+002, -7.9738082551335490e+000,
       7.8942862092491907e+001, 4.4695129477513154e+002,
       -7.9738082551335490e+000, 7.8942862092491907e+001,
       4.4695129477513154e+002, 6.7592969594230070e+001,
       1.0405065239489224e+002, 3.6347504118256080e+002,
       6.1291003109490694e+000, 8.3725364827256911e+001,
       4.3593728713329403e+002, 4.7372826096479685e+001,
       8.1110519077933034e+001, 3.9069006695215575e+002,
       -7.6830131624993108e+000, 7.9702042153211167e+001,
       4.3890100130886185e+002, 6.7996290521314213e+000,
       7.1508228822948197e+001, 4.4807551435806715e+002,
       -3.1892209110976402e+000, 8.4552712697563081e+001,
       4.3731580404241765e+002, -3.7047365493109745e+000,
       8.8794604018680815e+001, 4.3429149478965968e+002,
       2.9781257688056080e+000, 8.7162594595254362e+001,
       4.3952839228425722e+002, 2.0312517766876098e+001,
       6.4910427655645307e+001, 4.3575262098042299e+002,
       1.8704498314086209e+001, 7.6364401459923315e+001,
       4.2146119898428850e+002, 1.2024377941711522e+001,
       7.2995072838753458e+001, 4.2427131735524529e+002,
       1.7891165417848388e+001, 7.6535612328746410e+001,
       4.2303223950639733e+002, -1.0382924481428065e+001,
       7.8857588622083014e+001, 4.4430883109331410e+002,
       -4.0932376954761382e+000, 6.9124146715622871e+001,
       4.4397447525417380e+002, -8.8749644852919509e+000,
       7.9156897183687633e+001, 4.4219888441090598e+002,
       2.4254967450561931e+001, 7.9994026618704694e+001,
       4.0804088022326744e+002, -1.8332200684739581e+000,
       8.6650272648006123e+001, 4.3824403005341259e+002,
       1.7597645920520451e+000, 8.8269102733764754e+001,
       4.3977244303230401e+002, -8.2059917228227297e-001,
       8.5158189133790515e+001, 4.3847566447788859e+002,
       1.8375537314398986e+000, 8.1386690980139107e+001,
       4.3890555075908458e+002, -2.2938707038065520e+001,
       8.3645781783843887e+001, 4.6275586379504949e+002,
       1.7806488355727168e+001, 6.8690850328534793e+001,
       4.4166682798196746e+002, 1.8558962819485126e+002,
       1.9671160181681753e+002, 8.9650564031749283e+001,
       7.0246435579262055e+001, 9.3687929125940315e+001,
       3.8057855963684193e+002, -3.1636644412371431e+000,
       7.3145344133633387e+001, 4.3229721499790907e+002,
       -1.1882649627089618e+001, 8.0739442695367757e+001,
       4.2765346995394435e+002, 6.1493467933055300e+001,
       1.1555950550689238e+002, 3.1989988472823478e+002,
       -7.3618566888039787e+000, 7.7214946875672268e+001,
       4.2992671327979872e+002, -1.4117288058411049e+001,
       5.3674232440855711e+001, 4.3944089167433270e+002,
       -1.4117288058411049e+001, 5.3674232440855711e+001,
       4.3944089167433270e+002, 1.9579267626014644e+001,
       8.0319578999213363e+001, 4.3863472581716945e+002,
       8.6881873371544494e+000, 8.7153669918729250e+001,
       4.1936396825197914e+002, 9.1013221923400867e-001,
       8.7589500476565235e+001, 4.3989290949578066e+002,
       1.7958847851098025e+001, 7.5881551695156062e+001,
       4.2289667796179759e+002, -5.5468069453240987e-001,
       8.3676029026489942e+001, 4.3831967183064711e+002,
       4.8003071257919721e+001, 8.2837940426059603e+001,
       3.9189480532018899e+002, -1.3174886644403110e+000,
       8.9582408309681398e+001, 4.3920560199171831e+002,
       2.4136649396613599e+001, 7.9001177512700906e+001,
       4.0590807667635431e+002, 2.7063708354140648e+001,
       7.1207513215105308e+001, 4.1380081820047758e+002,
       -1.1319290588148043e-001, 6.9544193498026161e+001,
       4.5573646434815237e+002, 2.5225356111468291e+000,
       8.6519695661197716e+001, 4.3971893113209603e+002,
       1.7376044785859698e+001, 7.3031991854812034e+001,
       4.1894307084063041e+002, 9.3566541811622912e+001,
       1.1949035677796536e+002, 3.1846290326500622e+002,
       -3.5483411220812080e+000, 8.9996229431293202e+001,
       4.3836134247094139e+002, 3.7293396517508466e+000,
       7.9283645722730554e+001, 4.3899328746023906e+002,
       1.4293420550474181e+002, 1.5538011571206647e+002,
       2.2760455163721949e+002, 9.9903705922308621e+000,
       7.9295060932814792e+001, 4.4045181030701150e+002,
       -1.6977559464127547e+000, 7.2244531677771221e+001,
       4.3066512258584663e+002, 3.5293228681834488e+000,
       7.2597858464071081e+001, 4.3753671955305498e+002,
       4.6574472554919666e+000, 8.0727308950542479e+001,
       4.3959781855792397e+002, -8.4382488730824328e+000,
       7.6853680957670690e+001, 4.4453524727936519e+002,
       -3.1146695242003364e+001, 5.5759618652652279e+001,
       4.3923945066110292e+002, 4.6271054797703322e+000,
       8.2742601506544602e+001, 4.3761730268025138e+002,
       -9.4923273890690982e+000, 7.9618119984867434e+001,
       4.4320974608835775e+002, 1.8614577863981271e+001,
       7.0190784603104461e+001, 4.4559504735670151e+002,
       -3.5703267359677113e+001, 6.3042331365851368e+001,
       4.8606775469392682e+002, 1.1299361471615370e+001,
       7.8799669256994633e+001, 4.2699160840935161e+002,
       1.0910791708019199e+001, 8.0744025933063938e+001,
       4.3792515551112115e+002, 1.9195959730281931e+001,
       6.4076046220049108e+001, 4.3894487545361773e+002,
       5.5075519835732498e+000, 7.0956361971302258e+001,
       4.3440556441941084e+002, 1.6006665735952650e+000,
       7.6964900685871712e+001, 4.4357453579501254e+002,
       3.4858895908697196e+000, 8.5715156976540527e+001,
       4.4097556268845676e+002, 4.0851998736010477e+000,
       8.0310598025013348e+001, 4.3930302869309969e+002,
       9.5581825743052011e+000, 7.9215564067836254e+001,
       4.4073987357217197e+002, 2.4084960417586149e+001,
       6.7412265452998298e+001, 4.3057533221773542e+002,
