<?xml version="1.0" encoding="UTF-8" ?>
<ImageInfos magnitude="1">
    <ImageInfo width="640" height="480">
        <image_name>000000.jpg</image_name>
        <k_mat k1="621.900800" k2="0.000000" k3="326.661120" k4="0.000000" k5="623.092800" k6="235.195680" k7="0.000000" k8="0.000000" k9="1.000000" />
        <rt_mat rt1="0.970022" rt2="-0.240304" rt3="-0.036220" rt4="56.738715" rt5="-0.219574" rt6="-0.802784" rt7="-0.554369" rt8="93.844021" rt9="0.104140" rt10="0.545703" rt11="-0.831482" rt12="365.392915" />
    </ImageInfo>
    <ImageInfo width="640" height="480">
        <image_name>000001.jpg</image_name>
        <k_mat k1="621.900800" k2="0.000000" k3="326.661120" k4="0.000000" k5="623.092800" k6="235.195680" k7="0.000000" k8="0.000000" k9="1.000000" />
        <rt_mat rt1="0.998509" rt2="0.019629" rt3="-0.050942" rt4="7.300112" rt5="-0.008733" rt6="-0.863680" rt7="-0.503966" rt8="109.480874" rt9="-0.053890" rt10="0.503659" rt11="-0.862220" rt12="368.463490" />
    </ImageInfo>
    <ImageInfo width="640" height="480">
        <image_name>000002.jpg</image_name>
        <k_mat k1="621.900800" k2="0.000000" k3="326.661120" k4="0.000000" k5="623.092800" k6="235.195680" k7="0.000000" k8="0.000000" k9="1.000000" />
        <rt_mat rt1="0.952620" rt2="0.293037" rt3="-0.081510" rt4="-58.443090" rt5="0.212557" rt6="-0.833054" rt7="-0.510725" rt8="110.755499" rt9="-0.217563" rt10="0.469202" rt11="-0.855871" rt12="383.537643" />
    </ImageInfo>
    <ImageInfo width="640" height="480">
        <image_name>000003.jpg</image_name>
        <k_mat k1="621.900800" k2="0.000000" k3="326.661120" k4="0.000000" k5="623.092800" k6="235.195680" k7="0.000000" k8="0.000000" k9="1.000000" />
        <rt_mat rt1="0.907279" rt2="0.414255" rt3="-0.072370" rt4="-120.822627" rt5="0.333905" rt6="-0.814259" rt7="-0.474858" rt8="107.112087" rt9="-0.255641" rt10="0.406664" rt11="-0.877082" rt12="386.382245" />
    </ImageInfo>
    <ImageInfo width="640" height="480">
        <image_name>000004.jpg</image_name>
        <k_mat k1="621.900800" k2="0.000000" k3="326.661120" k4="0.000000" k5="623.092800" k6="235.195680" k7="0.000000" k8="0.000000" k9="1.000000" />
        <rt_mat rt1="0.781523" rt2="-0.623736" rt3="0.013246" rt4="125.453943" rt5="-0.550885" rt6="-0.699897" rt7="-0.454609" rt8="74.143015" rt9="0.292826" rt10="0.347991" rt11="-0.890593" rt12="366.249964" />
    </ImageInfo>
</ImageInfos>
