<?xml version="1.0" encoding="UTF-8" ?>
<ImageInfos magnitude="1">
    <ImageInfo width="640" height="360">
        <image_name>000000.jpg</image_name>
        <k_mat k1="621.900800" k2="0.000000" k3="326.661120" k4="0.000000" k5="467.319600" k6="176.396760" k7="0.000000" k8="0.000000" k9="1.000000" />
        <rt_mat rt1="0.831760" rt2="0.036643" rt3="0.553924" rt4="14.119380" rt5="0.174923" rt6="-0.964288" rt7="-0.198872" rt8="81.274764" rt9="0.526856" rt10="0.262308" rt11="-0.808466" rt12="421.219578" />
    </ImageInfo>
    <ImageInfo width="640" height="360">
        <image_name>000001.jpg</image_name>
        <k_mat k1="621.900800" k2="0.000000" k3="326.661120" k4="0.000000" k5="467.319600" k6="176.396760" k7="0.000000" k8="0.000000" k9="1.000000" />
        <rt_mat rt1="0.800285" rt2="-0.184233" rt3="0.570616" rt4="47.303728" rt5="0.015433" rt6="-0.944985" rt7="-0.326750" rt8="68.783158" rt9="0.599421" rt10="0.270299" rt11="-0.753414" rt12="388.350689" />
    </ImageInfo>
    <ImageInfo width="640" height="360">
        <image_name>000002.jpg</image_name>
        <k_mat k1="621.900800" k2="0.000000" k3="326.661120" k4="0.000000" k5="467.319600" k6="176.396760" k7="0.000000" k8="0.000000" k9="1.000000" />
        <rt_mat rt1="0.689739" rt2="0.129792" rt3="-0.712330" rt4="-19.858794" rt5="-0.151538" rt6="-0.936138" rt7="-0.317304" rt8="98.449504" rt9="-0.708023" rt10="0.326801" rt11="-0.626023" rt12="421.712700" />
    </ImageInfo>
    <ImageInfo width="640" height="360">
        <image_name>000003.jpg</image_name>
        <k_mat k1="621.900800" k2="0.000000" k3="326.661120" k4="0.000000" k5="467.319600" k6="176.396760" k7="0.000000" k8="0.000000" k9="1.000000" />
        <rt_mat rt1="0.712423" rt2="-0.169051" rt3="0.681084" rt4="51.721746" rt5="-0.030950" rt6="-0.977175" rt7="-0.210169" rt8="81.045612" rt9="0.701068" rt10="0.128649" rt11="-0.701394" rt12="401.283918" />
    </ImageInfo>
    <ImageInfo width="640" height="360">
        <image_name>000004.jpg</image_name>
        <k_mat k1="621.900800" k2="0.000000" k3="326.661120" k4="0.000000" k5="467.319600" k6="176.396760" k7="0.000000" k8="0.000000" k9="1.000000" />
        <rt_mat rt1="0.858249" rt2="-0.037574" rt3="0.511857" rt4="21.674440" rt5="0.119504" rt6="-0.955274" rt7="-0.270500" rt8="99.403954" rt9="0.499127" rt10="0.293326" rt11="-0.815372" rt12="382.135986" />
    </ImageInfo>
</ImageInfos>
